               Rainfall_Q1 Rainfall_Q2 Rainfall_Q3 Rainfall_Q4
Rainfall_Q1      1.0000000 -0.39658218 -0.65547850  0.59851544
Rainfall_Q2     -0.3965822  1.00000000  0.08070503 -0.36930680
Rainfall_Q3     -0.6554785  0.08070503  1.00000000 -0.09235762
Rainfall_Q4      0.5985154 -0.36930680 -0.09235762  1.00000000
Temperature_Q1  -0.7355193  0.38605782  0.69623556 -0.33086938
Temperature_Q2  -0.4937032  0.14027959  0.65334690 -0.12498635
Temperature_Q3  -0.7284763  0.33211344  0.78020285 -0.26249036
Temperature_Q4  -0.9049104  0.40103209  0.78752336 -0.45578304
               Temperature_Q1 Temperature_Q2 Temperature_Q3 Temperature_Q4
Rainfall_Q1        -0.7355193     -0.4937032     -0.7284763     -0.9049104
Rainfall_Q2         0.3860578      0.1402796      0.3321134      0.4010321
Rainfall_Q3         0.6962356      0.6533469      0.7802028      0.7875234
Rainfall_Q4        -0.3308694     -0.1249863     -0.2624904     -0.4557830
Temperature_Q1      1.0000000      0.9041324      0.9799477      0.9225531
Temperature_Q2      0.9041324      1.0000000      0.9272494      0.7447561
Temperature_Q3      0.9799477      0.9272494      1.0000000      0.9224892
Temperature_Q4      0.9225531      0.7447561      0.9224892      1.0000000